00000001
00000003
00000035
00000008
00000004
0000000a
00000000
00000024
00000003
00000000
00000002
00000004
00000000
0000000a
00000000
00000004
00000005
00000009
0000000a
00000001
00000005
00000005
00000007
00000005
00000000
00000009
00000003
00000007
00000003
00000007
00000003
0000000a
00000000
00000005
00000009
00000038
0000000a
00000000
00000006
00000038
00000003
00000005
00000007
00000006
00000005
00000001
00000003
00000005
00000008
00000029
00000004
00000007
00000029
00000003
00000005
00000003
00000008
00000003
00000002
00000007
00000001
00000008
00000000
0000000a
00000004
00000007
0000000a
00000001
00000005
00000003
00000039
00000001
00000003
00000008
00000008
00000008
00000006
00000002
00000000
00000007
00000002
00000006
00000000
00000002
00000005
00000000
00000005
00000007
0000000a
00000005
00000005
00000005
00000006
00000006
00000006
00000005
00000006
00000004
00000003
00000003
